0,434
0,433
43,3
43,2
43,1
43,0
0,432
0,431
0,430
42,4
0,429
42,3
42,2
42,1
42,0
0,428
0,427
0,426
41,4
0,425
41,3
41,2
41,1
41,0
40,3
40,2
40,1
40,0
39,4
39,3
39,2
0,424
39,1
39,0
38,4
38,3
38,2
38,1
38,0
32,4
32,2
32,0
32,1
32,3
0,423
0,422
27,2
0,421
33,4
33,2
33,0
33,1
33,3
0,420
0,419
0,386
0,278
34,2
34,0
37,35
34,1
34,3
3,2
10,278
10,148
10,170
10,20
10,126
10,276
10,242
10,68
10,2
10,3
11,15
11,16
11,7
9,2
9,3
8,17
8,9
8,13
8,15
8,6
8,4
8,11
8,2
8,3
20,3
20,2
20,1
19,3
19,2
19,1
12,3
12,2
12,1
11,30
11,29
11,28
11,27
11,26
